1.030131341746072654e-01
1.073053480985492331e-01
1.115975620224912007e-01
1.158897759464331684e-01
1.201819898703751360e-01
1.244742037943171037e-01
1.287664177182590575e-01
1.330586316422010529e-01
1.373508455661430205e-01
1.416430594900849882e-01
1.459352734140269559e-01
1.502274873379689235e-01
1.545197012619108912e-01
1.588119151858528588e-01
1.631041291097948265e-01
1.673963430337367941e-01
1.716885569576787618e-01
1.759807708816207572e-01
1.802729848055627249e-01
1.845651987295046648e-01
1.888574126534466324e-01
1.931496265773886278e-01
1.974418405013305955e-01
2.017340544252725354e-01
2.060262683492145308e-01
2.103184822731564985e-01
2.146106961970984661e-01
2.189029101210404338e-01
2.231951240449824014e-01
2.274873379689243691e-01
2.317795518928663367e-01
2.360717658168083044e-01
2.403639797407502721e-01
2.446561936646922397e-01
2.489484075886342074e-01
2.532406215125761473e-01
2.575328354365181149e-01
2.618250493604601381e-01
2.661172632844021058e-01
2.704094772083440734e-01
2.747016911322860411e-01
2.789939050562280087e-01
2.832861189801699764e-01
2.875783329041118885e-01
2.918705468280539117e-01
2.961627607519958794e-01
3.004549746759378470e-01
3.047471885998798147e-01
3.090394025238217823e-01
3.133316164477637500e-01
3.176238303717057176e-01
3.219160442956477408e-01
3.262082582195896530e-01
3.305004721435316206e-01
3.347926860674735883e-01
3.390848999914155559e-01
3.433771139153575236e-01
3.476693278392994912e-01
3.519615417632415144e-01
3.562537556871834821e-01
3.605459696111254497e-01
3.648381835350673619e-01
3.691303974590093295e-01
3.734226113829512972e-01
3.777148253068932648e-01
3.820070392308352880e-01
3.862992531547772557e-01
3.905914670787192233e-01
3.948836810026611910e-01
3.991758949266031586e-01
4.034681088505450708e-01
4.077603227744870384e-01
4.120525366984290616e-01
4.163447506223710293e-01
4.206369645463129969e-01
4.249291784702549646e-01
4.292213923941969322e-01
4.335136063181388999e-01
4.378058202420808676e-01
4.420980341660227797e-01
4.463902480899648029e-01
4.506824620139067705e-01
4.549746759378487382e-01
4.592668898617907058e-01
4.635591037857326735e-01
4.678513177096746412e-01
4.721435316336166088e-01
4.764357455575585765e-01
4.807279594815005441e-01
4.850201734054425118e-01
4.893123873293844794e-01
4.936046012533264471e-01
4.978968151772684148e-01
5.021890291012103269e-01
5.064812430251522946e-01
5.107734569490942622e-01
5.150656708730362299e-01
5.193578847969783086e-01
5.236500987209202762e-01
5.279423126448622439e-01
5.322345265688042115e-01
5.365267404927461792e-01
5.408189544166881468e-01
5.451111683406301145e-01
5.494033822645720821e-01
5.536955961885140498e-01
5.579878101124560175e-01
5.622800240363979851e-01
5.665722379603399528e-01
5.708644518842819204e-01
5.751566658082237771e-01
5.794488797321657447e-01
5.837410936561078234e-01
5.880333075800497911e-01
5.923255215039917587e-01
5.966177354279337264e-01
6.009099493518756940e-01
6.052021632758176617e-01
6.094943771997596293e-01
6.137865911237015970e-01
6.180788050476435647e-01
6.223710189715855323e-01
6.266632328955275000e-01
6.309554468194694676e-01
6.352476607434114353e-01
6.395398746673534029e-01
6.438320885912954816e-01
6.481243025152373383e-01
6.524165164391793059e-01
6.567087303631212736e-01
6.610009442870632412e-01
6.652931582110052089e-01
6.695853721349471765e-01
6.738775860588891442e-01
6.781697999828311119e-01
6.824620139067730795e-01
6.867542278307150472e-01
6.910464417546570148e-01
6.953386556785989825e-01
6.996308696025409501e-01
7.039230835264830288e-01
7.082152974504249965e-01
7.125075113743669641e-01
7.167997252983089318e-01
7.210919392222508995e-01
7.253841531461927561e-01
7.296763670701347237e-01
7.339685809940766914e-01
7.382607949180186591e-01
7.425530088419606267e-01
7.468452227659025944e-01
7.511374366898445620e-01
7.554296506137865297e-01
7.597218645377284973e-01
7.640140784616705760e-01
7.683062923856125437e-01
7.725985063095545113e-01
7.768907202334964790e-01
7.811829341574384467e-01
7.854751480813804143e-01
7.897673620053223820e-01
7.940595759292643496e-01
7.983517898532063173e-01
8.026440037771481739e-01
8.069362177010901416e-01
8.112284316250321092e-01
8.155206455489740769e-01
8.198128594729160445e-01
8.241050733968581232e-01
8.283972873208000909e-01
8.326895012447420585e-01
8.369817151686840262e-01
8.412739290926259939e-01
8.455661430165679615e-01
8.498583569405099292e-01
8.541505708644518968e-01
8.584427847883938645e-01
8.627349987123358321e-01
8.670272126362777998e-01
8.713194265602197675e-01
8.756116404841617351e-01
8.799038544081035917e-01
8.841960683320455594e-01
8.884882822559876381e-01
8.927804961799296057e-01
8.970727101038715734e-01
9.013649240278135411e-01
9.056571379517555087e-01
9.099493518756974764e-01
9.142415657996394440e-01
9.185337797235814117e-01
9.228259936475233793e-01
9.271182075714653470e-01
9.314104214954073147e-01
9.357026354193492823e-01
9.399948493432912500e-01
9.442870632672332176e-01
9.485792771911752963e-01
9.528714911151171529e-01
9.571637050390591206e-01
9.614559189630010883e-01
9.657481328869430559e-01
9.700403468108850236e-01
9.743325607348269912e-01
9.786247746587689589e-01
9.829169885827110376e-01
9.872092025066528942e-01
9.915014164305949729e-01
9.957936303545368295e-01
1.000085844278478797e+00
1.004378058202420654e+00
1.008670272126362732e+00
1.012962486050304589e+00
1.017254699974246668e+00
1.021546913898188524e+00
1.025839127822130603e+00
1.030131341746072460e+00
1.034423555670014538e+00
1.038715769593956617e+00
1.043007983517898474e+00
1.047300197441840552e+00
1.051592411365782409e+00
1.055884625289724488e+00
1.060176839213666344e+00
1.064469053137608423e+00
1.068761267061550280e+00
1.073053480985492358e+00
1.077345694909434215e+00
1.081637908833376294e+00
1.085930122757318150e+00
1.090222336681260229e+00
1.094514550605202086e+00
1.098806764529144164e+00
1.103098978453086243e+00
1.107391192377028100e+00
1.111683406300970178e+00
1.115975620224912035e+00
1.120267834148854114e+00
1.124560048072795970e+00
1.128852261996738049e+00
1.133144475920679906e+00
1.137436689844621984e+00
1.141728903768563841e+00
1.146021117692505698e+00
1.150313331616447554e+00
1.154605545540389633e+00
1.158897759464331489e+00
1.163189973388273568e+00
1.167482187312215647e+00
1.171774401236157503e+00
1.176066615160099582e+00
1.180358829084041439e+00
1.184651043007983517e+00
1.188943256931925374e+00
1.193235470855867453e+00
1.197527684779809309e+00
1.201819898703751388e+00
1.206112112627693245e+00
1.210404326551635323e+00
1.214696540475577180e+00
1.218988754399519259e+00
1.223280968323461337e+00
1.227573182247403194e+00
1.231865396171345273e+00
1.236157610095287129e+00
1.240449824019229208e+00
1.244742037943171065e+00
1.249034251867113143e+00
1.253326465791055000e+00
1.257618679714997079e+00
1.261910893638938935e+00
1.266203107562881014e+00
1.270495321486822871e+00
1.274787535410764949e+00
1.279079749334706806e+00
1.283371963258648885e+00
1.287664177182590963e+00
1.291956391106532820e+00
1.296248605030474677e+00
1.300540818954416533e+00
1.304833032878358612e+00
1.309125246802300468e+00
1.313417460726242547e+00
1.317709674650184404e+00
1.322001888574126482e+00
1.326294102498068339e+00
1.330586316422010418e+00
1.334878530345952274e+00
1.339170744269894353e+00
1.343462958193836432e+00
1.347755172117778288e+00
1.352047386041720367e+00
1.356339599965662224e+00
1.360631813889604302e+00
1.364924027813546159e+00
1.369216241737488238e+00
1.373508455661430094e+00
1.377800669585372173e+00
1.382092883509314030e+00
1.386385097433256108e+00
1.390677311357197965e+00
1.394969525281140044e+00
1.399261739205081900e+00
1.403553953129023979e+00
1.407846167052966058e+00
1.412138380976907914e+00
1.416430594900849993e+00
1.420722808824791850e+00
1.425015022748733928e+00
1.429307236672675785e+00
1.433599450596617864e+00
1.437891664520559720e+00
1.442183878444501799e+00
1.446476092368443656e+00
1.450768306292385512e+00
1.455060520216327369e+00
1.459352734140269447e+00
1.463644948064211304e+00
1.467937161988153383e+00
1.472229375912095461e+00
1.476521589836037318e+00
1.480813803759979397e+00
1.485106017683921253e+00
1.489398231607863332e+00
1.493690445531805189e+00
1.497982659455747267e+00
1.502274873379689124e+00
1.506567087303631203e+00
1.510859301227573059e+00
1.515151515151515138e+00
1.519443729075456995e+00
1.523735942999399073e+00
1.528028156923341152e+00
1.532320370847283009e+00
1.536612584771225087e+00
1.540904798695166944e+00
1.545197012619109023e+00
1.549489226543050879e+00
1.553781440466992958e+00
1.558073654390934815e+00
1.562365868314876893e+00
1.566658082238818750e+00
1.570950296162760829e+00
1.575242510086702685e+00
1.579534724010644764e+00
1.583826937934586621e+00
1.588119151858528699e+00
1.592411365782470778e+00
1.596703579706412635e+00
1.600995793630354491e+00
1.605288007554296348e+00
1.609580221478238427e+00
1.613872435402180283e+00
1.618164649326122362e+00
1.622456863250064218e+00
1.626749077174006297e+00
1.631041291097948154e+00
1.635333505021890232e+00
1.639625718945832089e+00
1.643917932869774168e+00
1.648210146793716246e+00
1.652502360717658103e+00
1.656794574641600182e+00
1.661086788565542038e+00
1.665379002489484117e+00
1.669671216413425974e+00
1.673963430337368052e+00
1.678255644261309909e+00
1.682547858185251988e+00
1.686840072109193844e+00
1.691132286033135923e+00
1.695424499957077780e+00
1.699716713881019858e+00
1.704008927804961715e+00
1.708301141728903794e+00
1.712593355652845872e+00
1.716885569576787729e+00
1.721177783500729808e+00
1.725469997424671664e+00
1.729762211348613743e+00
1.734054425272555600e+00
1.738346639196497678e+00
1.742638853120439535e+00
1.746931067044381614e+00
1.751223280968323470e+00
1.755515494892265327e+00
1.759807708816207183e+00
1.764099922740149262e+00
1.768392136664091119e+00
1.772684350588033197e+00
1.776976564511975276e+00
1.781268778435917133e+00
1.785560992359859211e+00
1.789853206283801068e+00
1.794145420207743147e+00
1.798437634131685003e+00
1.802729848055627082e+00
1.807022061979568939e+00
1.811314275903511017e+00
1.815606489827452874e+00
1.819898703751394953e+00
1.824190917675336809e+00
1.828483131599278888e+00
1.832775345523220967e+00
1.837067559447162823e+00
1.841359773371104902e+00
1.845651987295046759e+00
1.849944201218988837e+00
1.854236415142930694e+00
1.858528629066872773e+00
1.862820842990814629e+00
1.867113056914756708e+00
1.871405270838698565e+00
1.875697484762640643e+00
1.879989698686582500e+00
1.884281912610524579e+00
1.888574126534466435e+00
1.892866340458408514e+00
1.897158554382350593e+00
1.901450768306292449e+00
1.905742982230234306e+00
1.910035196154176163e+00
1.914327410078118241e+00
1.918619624002060098e+00
1.922911837926002177e+00
1.927204051849944033e+00
1.931496265773886112e+00
1.935788479697827968e+00
1.940080693621770047e+00
1.944372907545711904e+00
1.948665121469653982e+00
1.952957335393595839e+00
1.957249549317537918e+00
1.961541763241479774e+00
1.965833977165422075e+00
1.970126191089363932e+00
1.974418405013305788e+00
1.978710618937247645e+00
1.983002832861189946e+00
1.987295046785131802e+00
1.991587260709073659e+00
1.995879474633015516e+00
2.000171688556957594e+00
2.004463902480899673e+00
2.008756116404841308e+00
2.013048330328783386e+00
2.017340544252725465e+00
2.021632758176667544e+00
2.025924972100609178e+00
2.030217186024551701e+00
2.034509399948493336e+00
2.038801613872435414e+00
2.043093827796377049e+00
2.047386041720319572e+00
2.051678255644261206e+00
2.055970469568203285e+00
2.060262683492144919e+00
2.064554897416087442e+00
2.068847111340029077e+00
2.073139325263971156e+00
2.077431539187913234e+00
2.081723753111855313e+00
2.086015967035796947e+00
2.090308180959739026e+00
2.094600394883681105e+00
2.098892608807623184e+00
2.103184822731564818e+00
2.107477036655506897e+00
2.111769250579448975e+00
2.116061464503391054e+00
2.120353678427332689e+00
2.124645892351274767e+00
2.128938106275216846e+00
2.133230320199158925e+00
2.137522534123100559e+00
2.141814748047042638e+00
2.146106961970984717e+00
2.150399175894926351e+00
2.154691389818868430e+00
2.158983603742810509e+00
2.163275817666752587e+00
2.167568031590694222e+00
2.171860245514636301e+00
2.176152459438578379e+00
2.180444673362520458e+00
2.184736887286462093e+00
2.189029101210404171e+00
2.193321315134346250e+00
2.197613529058288329e+00
