1.307310275657988594e+14
4.744451030667428906e+13
8.732636874618909375e+13
5.262822431590853125e+13
1.295391758104644531e+13
2.824921056711780469e+13
6.775554461697755469e+13
1.032558929396889688e+14
1.128489773622361875e+14
1.069252847883911719e+14
6.089701083569021875e+13
1.701872891163832031e+13
1.317639368776346680e+13
8.932830679490167236e+11
1.800516889601644531e+12
1.710295428833759570e+13
3.217100660314382812e+13
3.161627305068749219e+13
4.880080368009930469e+13
8.200397659596915625e+13
6.244546529807304688e+13
5.352773787524805469e+13
9.842091099128523438e+13
5.857788036467260938e+13
1.184917213348002148e+13
1.778361798182749023e+12
5.740785616138132324e+11
5.213229140399864502e+11
1.308342436130451172e+13
2.820781250690235547e+13
1.803922256424012500e+13
2.425737339472708984e+13
1.766352288715243750e+13
7.949742128066121094e+12
5.685541077671816406e+12
8.691124145019018555e+12
8.061500777874329102e+12
2.061948011140407812e+13
1.260660471685850195e+13
2.550984733343261719e+12
1.759406756689653809e+12
1.305190461533405664e+13
5.478313381923598633e+12
1.160086569593913672e+13
1.533918526521402734e+13
8.474304072862190430e+12
4.996112209319288086e+12
3.004402245834972656e+12
1.712619406984120850e+12
1.885932030528876562e+13
4.714173765736822656e+13
2.510353888471030078e+13
6.722105732348806641e+12
1.525280280600237500e+13
3.506285881274252734e+13
1.005667599729546021e+12
2.407127139038175000e+13
1.327782875377704883e+13
2.023995757821552734e+13
1.003091702422746680e+13
6.044338243735807617e+12
2.515175290145107031e+13
1.496087911141484961e+13
1.949730700752052734e+13
6.041666634421671094e+13
5.717045472083732031e+13
2.092571748424690625e+13
7.001238115819421875e+12
1.723401888989003516e+13
7.714137892005387500e+13
2.166674228263880078e+13
2.517861275829557031e+13
5.796638955475217969e+13
1.801121657244775781e+13
2.575221133292321777e+12
6.519503929294681396e+11
1.524885845059747559e+12
4.695440630430706055e+12
1.128679486879197852e+13
8.288170268637661133e+12
1.048741821391960205e+12
8.650915106276677246e+11
6.475091092880438232e+11
1.240714321361058984e+13
6.347602580602009375e+13
3.855330579064880469e+13
5.695116184367341406e+13
3.846355674407876562e+13
5.969757806974835938e+12
3.120510129197160034e+11
2.626657621256337891e+12
9.198624139508068359e+12
2.479684994306602539e+12
1.584451372379459229e+12
3.115926834675938721e+11
4.031572293887729980e+12
4.471160551754779663e+11
8.037787936215859375e+12
1.273343714285025635e+12
2.418108809091637207e+12
1.497123638521450781e+13
3.055372854787973047e+13
2.734291237088875781e+13
9.607652843822468750e+12
5.204370403275148438e+12
6.144908300098911133e+12
7.686625946665449219e+12
4.047084792549592773e+12
5.005274295754596680e+12
1.546922675263543213e+12
3.330668292265394287e+11
1.796390052163866016e+13
1.021047631225517500e+14
1.471845756219802188e+14
3.494406392265488672e+13
3.032533489914090332e+12
3.121562952888180176e+12
7.220586803409079590e+11
1.328296787796429443e+12
1.616200353499744263e+11
7.479598913163733398e+12
8.739166719702579346e+11
9.599484182458464844e+12
4.774784591969474609e+12
3.541311370582602539e+12
4.729271906643091406e+13
4.971636132192760938e+13
9.646934241807310547e+12
1.381175229569674023e+13
1.192099029467705322e+12
1.635865573771980957e+12
5.102561787017416016e+12
1.535591044076031562e+14
9.034328091592535000e+14
5.167220053698555625e+14
6.562777781071940625e+13
2.137576327229580938e+14
1.923320748746764844e+13
2.526468219269429199e+12
1.999960573551623047e+12
9.051076852410472412e+11
2.462811655823490723e+12
4.552076448450488281e+12
4.358930316406755371e+11
4.236202480250891724e+11
2.536529888865452148e+12
4.935600992934046875e+12
1.928514423629559631e+11
1.006654797837990570e+11
3.166938159825561035e+12
4.308974564011537598e+12
2.629923105976797852e+12
1.370298007886488281e+13
1.002322269384623906e+14
1.034238543744214750e+15
1.053494184249123625e+15
8.456328056430185938e+13
3.029788003775677734e+12
3.415425003900635742e+12
4.092488623698147461e+12
1.683210524255549316e+12
1.752994166135374756e+12
8.313996236394803467e+11
2.252949884787293457e+12
4.126175393246690430e+12
1.049207050229981323e+12
1.086777088302821484e+13
5.856391836441909180e+12
8.888540847188116455e+11
1.902942922209950195e+12
2.008893110524135547e+13
7.015223661849850781e+13
7.504568272243889062e+13
2.081386034102145703e+13
7.687389300878044434e+11
1.199508682496614380e+11
6.436648657935955811e+11
1.170525332297379883e+12
7.800506726783050537e+11
1.594626809025802002e+12
4.168561664854991211e+12
5.442146966108308105e+11
1.091193493652483215e+11
9.662451119973333740e+10
3.430267341790519714e+10
3.605239672901390076e+10
5.943892321503262939e+11
8.479640119098222656e+11
2.329144828454118164e+12
3.746630067392134277e+12
4.751748974805316406e+12
9.795826848707221875e+13
1.114731624760848125e+15
3.104795571499519500e+15
1.411487435866213250e+15
2.981734223736808125e+14
3.769880930493440000e+14
2.484503183764748438e+14
2.002017578831753516e+13
2.843016091754966309e+12
6.227303154192070770e+10
9.974241941354663086e+11
1.066090640769860229e+12
1.111042307870452728e+11
3.854890838010609131e+11
1.532844889712596130e+11
7.168696732538267822e+11
1.202691415575437256e+12
4.954559375749969727e+12
2.520086284584780762e+12
1.029358527334206055e+12
1.391872830834407425e+10
6.588283506856791992e+11
6.043093200233199463e+11
4.550007172566984863e+11
5.095643389756792969e+12
1.729804089615315820e+13
3.651779295950145625e+14
7.185447455022543750e+14
1.730472337190322188e+14
2.078998671877495605e+12
1.185039512058649902e+12
6.977891712294864502e+11
3.837219887436018555e+12
5.541242564791571289e+12
1.563998855786910156e+12
5.356620232703864844e+13
7.204637933444895000e+14
5.736694587497068750e+14
2.399815936966189062e+13
8.144592430630920410e+10
6.242770879789352344e+13
4.150880186159816875e+14
5.855251195603305000e+14
4.132023320101959375e+14
1.079712309203757500e+14
3.362728963680371094e+12
5.184443591415968628e+11
6.930591098908557129e+11
2.672546447279551697e+11
2.631359738584976501e+11
6.623044146499517822e+11
4.634905543346597290e+11
3.719274896824567261e+11
1.632073230271589050e+11
9.759202999931788330e+11
1.014992925944613750e+14
7.467230568679652500e+14
6.422418147014146250e+14
5.486771513389507812e+13
4.391931851614087500e+13
8.423791684394359375e+13
6.066012605033530273e+12
5.858333539238296875e+12
4.026232931920456543e+12
1.472342902681205078e+12
6.623750296862099609e+11
1.228431048447472534e+11
1.263237551039151611e+12
6.426214535223964844e+13
1.890360211092813500e+15
4.250692957895829000e+15
7.437165388637605000e+14
7.711826414064886250e+14
1.093815896950343625e+15
1.221548391457837000e+15
1.283369743437903281e+14
1.623215743877665312e+14
3.543167411345607422e+12
1.247439028558175049e+11
9.072323876517613525e+11
1.074870807057374573e+11
1.175621593216905518e+12
3.172031496323966797e+12
5.016047467938788452e+11
3.302988124707056885e+11
2.473949637515259171e+10
4.600013672391635742e+12
7.207747579569677734e+12
2.150524704786593994e+12
1.298810467237691895e+12
6.833157697485876953e+12
9.497567117790144531e+12
1.704751100781350000e+14
1.494961941966826875e+14
1.262049632911413281e+13
1.887770807879712158e+12
9.043077389166893311e+11
5.232616154897704468e+11
2.582117585361134766e+12
5.458718894894192383e+12
6.895564314449476562e+13
7.974486504681780000e+14
1.658147516258663000e+15
5.675767016832865000e+14
1.617942549279790234e+13
2.871894960557509375e+14
5.785662907371411719e+13
1.565389819433980000e+15
5.267708977845791875e+14
7.392442567474099609e+12
3.760282953521142090e+12
1.883402405519920166e+12
1.339577627729397656e+13
1.150243980036280781e+14
1.430234824889936500e+15
1.504705522640206000e+15
8.202879064359839062e+13
7.061362554519164062e+12
6.611495102475632812e+12
4.980852556687955469e+13
3.900617724279149219e+13
5.556350794630469531e+13
1.250885482271705078e+13
1.421989661136411621e+12
2.124175723506070557e+12
2.290162938673342773e+12
6.428760358475788574e+11
5.336231085659403687e+11
3.493628422447866821e+11
3.206933701809640137e+12
1.577589093805783125e+14
1.425058179319479500e+15
3.218779487034208500e+15
1.485996401242956250e+15
1.547525015507120938e+14
1.195568559578351172e+13
5.602529534418499219e+13
5.356596561898278750e+14
9.798547308569261250e+14
3.117366430945198125e+14
1.693971541309244922e+13
3.573915721738152832e+12
1.144246134020387695e+12
1.151474436073441406e+12
2.773136181644675903e+11
2.725333246227396851e+11
3.339819699337657547e+10
6.617250997465467529e+11
1.165214790066447067e+10
4.725606435480038452e+10
3.601626841244086304e+11
6.212607866578923438e+13
2.177173104191017500e+15
5.295531903201237000e+15
1.510730766419357000e+15
5.800221899089086250e+14
6.314496554762235938e+13
1.307157045944161621e+12
3.146096233811299316e+12
4.843082943852058594e+12
3.920124901705089844e+13
1.868017561220213500e+15
4.849375192721193000e+15
2.034715661884292250e+15
1.884429398023802500e+14
1.507741428617237891e+13
5.266109231935418945e+12
3.152191538843652832e+12
9.550648338091697266e+12
2.711354014418301562e+13
3.969419748392406006e+11
4.061179389672737500e+13
3.829617117019207812e+13
7.879555749669049805e+12
1.523330726110333496e+12
2.277632446377388125e+14
1.818031412566431250e+15
1.819572046452375500e+15
7.822795563209166250e+14
1.346189371207993594e+14
1.094455314361476953e+13
1.442236751749692627e+12
2.252542036002534668e+12
1.582464831994585205e+12
1.140904301673969727e+12
1.109125072403458750e+14
1.536954545410364000e+15
3.243640626541391500e+15
6.715859804726765000e+14
1.791889922326477812e+14
1.331554328873283000e+15
3.696873076582766500e+15
3.789589063748887000e+15
3.072764741513867000e+15
1.327963467802810500e+15
1.206912959324565625e+14
7.129660072380487305e+12
7.407942337288945312e+11
8.428929530253814697e+11
4.492056445650563965e+11
1.000167324484121704e+12
1.671550107542926636e+11
5.087731947243044922e+12
1.530210336089700195e+13
1.898058206177537109e+13
4.627176344824823242e+12
2.035277525942073975e+12
2.829669899594813156e+10
6.063794323435202789e+10
4.828259321560501709e+11
2.876527121263812256e+11
1.847328524282527771e+11
2.045469154990559082e+11
2.672385228946154175e+11
6.966000858059461914e+12
3.623792447661728125e+13
6.179436951321362500e+14
2.464319646811061500e+15
3.238662300476878000e+15
4.969150065691090000e+14
2.492331120208026500e+15
4.004365364693675000e+15
8.431641228481738750e+14
4.364168511731477344e+13
6.975989127812424805e+12
2.778104093912109375e+12
4.273403382173697510e+11
1.023217532203544189e+12
2.259381684169732971e+11
5.417147382761825562e+11
3.731783920736234741e+11
1.121119091751737061e+12
1.330980126691331641e+13
8.563611296451526562e+13
1.833030926468561250e+14
1.678907273535225000e+14
2.206453884976251562e+13
9.465480966171085205e+11
5.711016381707585449e+11
1.458671679884561157e+11
1.974111853368258057e+12
1.830672415696112891e+13
4.078049759949882812e+12
1.488631057475969971e+12
2.528209194232013281e+13
1.519401281911664062e+13
2.476944880530748125e+14
4.799470993309214375e+14
6.467764460483787500e+14
1.273802303856317750e+15
3.420949455871781000e+15
1.141598413230596000e+15
7.763741686113517188e+13
5.917513152261007812e+12
1.026373414747788086e+12
6.827662850285989990e+11
8.896601267906267090e+11
3.828012644790802002e+11
4.446378297534481812e+11
5.044668514445747070e+12
1.841549785509394531e+13
9.866848902757006250e+13
1.728187114624567188e+14
1.479134815515436914e+13
5.998592236274764844e+13
5.851494140015914062e+13
6.985813723409541992e+12
9.542901764512108154e+11
2.802074039458383789e+12
4.265578888265228882e+11
1.274593072951074609e+13
4.287715139218391875e+14
1.141590686456191000e+15
1.973296771608384750e+15
3.525983298924576000e+15
5.566766598780805000e+15
6.194241468803453000e+15
3.828815992379626500e+15
2.305404870986151000e+15
1.025565994018439750e+15
1.334115836631872812e+14
1.118033723522205469e+13
8.580579923348205566e+11
7.697132238365179443e+11
2.797662505538704834e+11
1.638645050553671875e+11
1.102443265859085938e+12
6.791143249638630371e+11
1.331389044536830664e+13
2.308902487755824688e+14
4.772975731622955000e+14
2.446023995366153750e+14
2.532088938741912109e+13
1.442322195009330444e+11
1.174163662613054688e+13
1.210143220191063867e+13
6.603265572282627930e+12
8.744603922082604980e+11
