8.599735690632460938e+13
4.088762867693059375e+13
1.591999929885166562e+14
1.513890065045126172e+13
2.298157977686573438e+13
6.318489149107657227e+12
1.596775721325664258e+13
6.695209226194985938e+13
7.968781644477664062e+13
1.818422008235857422e+13
3.854205120231503906e+13
1.639929721012270898e+13
6.295503886567783594e+13
2.407613947194358203e+13
1.177684095372264453e+13
1.460651716095994727e+13
6.046549180419767969e+13
7.598998276520763672e+12
1.912759047968921094e+13
4.547871040090386719e+13
4.866398858409775781e+13
3.568540120839509277e+12
7.186043318232195312e+13
1.853518842719417578e+13
2.522387000545101953e+13
2.426655369204627930e+12
1.068151314088398315e+12
1.408987480324115967e+12
6.800014600057251953e+12
2.865247338285738672e+13
2.971983880019796387e+12
3.248865435163164453e+13
1.102828961078544922e+13
1.925012925973432422e+13
4.014426120858595215e+12
1.585443314847772852e+13
8.294281161766101074e+11
2.281309904228508203e+13
2.079924866287925000e+13
6.364846433061743164e+12
2.417471692628874023e+12
2.252726011284949609e+13
8.630125770997036133e+12
4.989102018016021484e+12
1.386580442915282031e+13
8.731113600799924805e+12
6.823761057477708740e+11
1.140404707514737305e+12
2.329123731881083008e+12
7.495059702996925781e+12
1.256166976438688867e+13
1.742007693062045898e+13
3.000744043285955566e+12
1.173504052025558594e+13
2.337131911002816797e+13
2.252247972981240723e+12
2.425317867861193750e+13
1.453515504856794189e+12
1.075558748433377539e+13
8.280060304327351562e+12
7.385818130963856445e+12
6.077187863649741211e+12
7.118409759923924805e+12
1.140386181191376953e+13
2.377054251246196875e+13
3.535956866832917969e+13
1.830453037611177979e+12
3.343830161320239453e+13
2.526781022233140234e+13
1.768793408637571094e+13
2.296218567331951562e+13
2.144076043863830859e+13
3.217262706473799609e+13
1.278007392265512695e+12
7.160493512810255859e+12
7.330348133761782227e+12
5.974627902017338867e+12
5.585233983721228027e+11
3.816488169039407227e+12
5.434099935402108398e+12
8.353663562208899414e+12
9.270241607099531250e+12
4.613978676997237305e+12
6.024834036919651367e+12
9.507279275744454688e+13
2.412332171044334961e+12
6.151200825850428906e+13
1.932768517788899219e+13
5.162586603647497559e+10
8.664476345880895996e+10
3.410935345559536743e+11
3.764446548791162598e+12
2.789059696940694824e+12
4.816439308295658203e+12
1.743190410050861206e+11
2.506519080586943848e+12
1.010156438160833862e+12
1.536260380052031055e+13
2.371189155589053223e+12
1.010320837789887695e+11
7.355636274076648438e+12
5.018145180796556641e+12
1.923435340212593750e+13
2.957684305340707520e+12
5.089088174492965698e+11
3.743042965967811035e+12
3.814370636964437988e+12
5.988948493642988281e+12
9.702142824413916016e+11
8.804677487389380859e+12
1.115469744740157812e+13
7.466802735970461914e+12
6.928089989232275781e+13
1.084211202324930938e+14
6.919559989385250977e+12
1.275947707231840625e+13
3.418187859121173340e+12
1.087077997286511719e+12
2.303226189380768555e+12
6.262811323607912598e+11
8.581915236961229492e+12
3.476338929493211060e+11
9.285396233009179688e+12
4.866220864916503906e+12
1.628784322055626709e+12
1.669737316939893164e+13
5.331458843040803125e+13
1.800768572251994531e+13
2.437987683314619141e+13
6.226966868250058594e+12
4.139266710355450684e+12
1.672857548479910742e+13
2.461979408548680469e+13
4.351813591537930625e+14
2.262425846664719688e+14
3.717125570938155469e+13
1.880937895944969062e+14
1.472323893678980078e+13
4.094244540308778320e+12
1.019589689464412695e+13
4.287718369524821777e+12
2.812574525314888306e+11
7.477588721268162109e+12
1.944912869803301514e+12
1.063717595920079834e+12
3.594186992516681152e+12
7.569528788006637695e+12
3.393394252447894043e+12
5.296470067317625977e+12
1.136719696219652930e+13
1.121680800419924561e+12
5.325322373359855469e+12
1.180566250699343262e+12
4.227594046476538281e+13
5.685982523797735000e+14
5.763108760804915000e+14
2.524600081869678125e+13
1.190690777596954297e+13
5.338055233524669922e+12
6.940954331758278809e+11
3.625153178039651489e+11
1.387617772738145508e+12
1.258776568635536621e+12
8.183668231349664307e+11
5.920794667423943359e+12
2.506314500755939453e+12
3.469923275907835449e+12
3.767920819867878418e+12
8.829247394286552734e+11
5.084308693352509766e+12
3.815463179625791504e+12
6.468488533166419531e+13
4.299492858165775781e+13
2.556693457907095703e+12
7.937019881165991211e+11
5.790450346512636719e+11
9.229373211695494080e+10
1.299086849825033447e+12
2.337628476119685059e+11
1.770102392430470703e+12
1.156017774492960742e+13
3.706066157421625000e+12
3.233929068457442383e+12
5.347488576295470703e+12
6.631386142692019531e+12
1.062634615176781641e+13
1.834663885707774219e+13
1.728464483684117383e+13
1.454954341841592188e+13
2.604247970691179297e+13
6.971820310943232812e+13
1.501224016773425938e+14
1.185397062425407500e+15
2.626603663334956500e+15
8.705149406417559375e+13
4.536732838404647656e+13
1.944573619068452500e+14
2.828186023677378750e+14
9.588488645149632812e+13
3.202576583675931641e+13
2.144972577004774609e+13
1.237411764206810938e+13
7.914022517012579102e+12
3.674644436743640137e+12
3.577601921610018066e+12
4.709240589363306641e+12
4.121214578745931152e+12
3.549674596971710815e+11
3.656378133681319824e+12
1.767594775355930908e+12
3.921125441656543457e+12
9.520721352244482422e+11
2.375497926235381836e+12
2.739117202850940430e+12
7.793492971308401367e+12
7.993910446597490234e+12
3.927769654279153125e+13
8.132480534961578125e+13
6.807337210499210000e+14
1.847318108918555625e+14
6.367621842686428125e+13
2.895326736934673828e+13
7.138635393965688477e+12
4.855694421880901367e+12
1.112455289513914307e+12
1.034649229646950781e+13
3.743738217016617969e+13
5.457286707736516875e+14
2.059805121031766250e+14
2.682353354633028125e+13
1.022440703180254883e+13
6.120917998987368164e+12
3.208869419165778125e+14
1.497481173693016250e+14
2.159456983871803438e+14
1.201694597271385000e+14
5.507600367048032031e+13
5.690987142022225781e+13
3.919584468994733594e+13
4.408199014087883594e+13
3.683662390053728906e+13
3.569824621139932812e+13
3.616634924331589062e+13
3.911348704908067188e+13
3.792594440365978125e+13
3.885922830883868750e+13
3.328584427455202344e+13
6.509506629732501250e+14
9.797708080794664062e+13
3.727069415748671094e+13
7.275742504537193750e+13
8.988163411691978125e+13
3.524060556313419531e+13
1.370486576634547656e+13
4.389645036783279688e+13
3.932131259474441406e+13
6.332952465403210156e+13
9.534296258508046875e+13
1.206811671955584531e+14
2.100812181795595000e+14
1.159583209302839500e+15
5.229197249908415000e+15
1.434900238778438500e+15
1.180217328988279500e+15
3.077379845437501250e+14
1.457599160525386500e+15
6.203208628073943750e+14
7.509021869192407812e+13
1.492452251681207812e+13
4.789258301705354492e+12
1.692890660010466614e+11
6.837040148650131836e+11
1.057138755112869751e+12
6.532827971693784180e+12
3.060051075229167969e+12
9.504575716522886719e+12
2.179669133297966797e+13
3.560107845145489844e+13
1.318226630166871289e+13
4.064400628014178125e+13
4.380343631827938281e+13
8.308585543067215625e+13
2.064374100956158125e+14
4.343325266409503750e+14
1.783308552084647812e+14
2.816959046758389062e+13
4.540204468418124023e+12
1.577934416340675977e+13
3.622758348620339062e+13
8.820285086415332812e+13
1.982162003114654688e+14
4.681122511092134375e+14
1.827060054305664500e+15
3.365315537862591000e+15
8.938916958128630000e+14
2.297880707417756250e+14
3.106246625772804297e+13
6.334787046571967500e+14
3.259146390660732000e+15
5.851851253787001250e+14
2.707943179330168750e+14
1.299528578420647188e+14
1.036249269604240469e+14
4.728105945396685938e+13
5.191287178269778125e+13
5.537971236545022500e+14
1.550056685452675750e+15
3.839270962985623750e+14
1.731124932421388438e+14
8.440971862910865625e+13
9.139766641218973438e+13
3.990812850537059375e+14
6.730123091889158750e+14
4.488648679938123750e+14
2.961553458134382500e+14
2.315560751774207188e+14
2.648227341730587500e+14
2.125057666932878125e+14
2.037169997065216562e+14
2.244239004432088438e+14
2.195660731876437500e+14
3.290313212817787500e+14
2.035063532520819500e+15
5.587587200713601000e+15
2.173620327051888750e+15
4.040213884828326875e+14
1.034898612929178125e+14
3.938454354473029688e+13
2.969071379020607500e+14
5.019211978199292500e+14
9.018085360870776562e+13
6.613749097571992188e+12
1.805853159507150000e+13
1.113037997823303320e+13
2.178344637632633203e+13
1.851685471581716016e+13
1.524333758078317969e+13
1.916379868523689844e+13
2.446808784281909375e+13
2.273650843880371875e+13
2.071656867365257422e+13
2.462010251546735547e+13
2.996697084615140625e+13
4.546118847373783125e+14
7.463378903793097000e+15
3.782203452445836000e+15
1.266530719444566750e+15
5.181302987932071875e+14
6.129930534276997500e+14
7.993305220280513750e+14
1.188826368444601000e+15
1.762287913191787750e+15
3.930071201783732000e+15
1.166510849003363800e+16
5.509659927579691000e+15
1.712059975586646250e+15
6.520697370940686250e+14
2.838515736044856875e+14
1.359590792791138281e+14
6.709724328553456250e+13
1.105158821015880273e+13
5.796869596852873047e+12
6.203947477574572656e+13
2.817954843494826562e+13
1.628357038349227344e+13
5.614384902281621875e+13
7.269534788654428125e+13
1.436895205225020000e+15
3.785564360810910000e+15
2.803143097072227500e+15
9.914253134322543750e+14
4.413785901136079375e+14
2.263602966745894062e+14
1.474390413285256250e+14
7.574869606057221875e+13
3.290120680010945312e+13
2.441780710922198828e+13
3.882957887834150000e+14
3.788476345374438000e+15
1.732637890535206000e+15
1.565058294708735250e+15
4.009305875836575000e+15
5.693011620580034000e+15
1.228113300995382500e+15
9.569897013983878750e+14
2.138907410956527000e+15
9.191811635345408750e+14
5.238591193515848750e+14
3.490949179698283125e+14
2.616661373280502812e+14
2.356677645784541875e+14
1.810191528117569375e+14
1.880940353625490312e+14
2.181621899811969688e+14
1.733084649567175312e+14
1.391841279242846875e+14
1.306284869898274219e+14
8.320584399327837500e+13
8.228200553016906250e+13
7.716241236588242188e+13
7.555749539790889062e+13
8.313623279535126562e+13
8.510425208329825000e+13
7.380870668017767188e+13
6.815334085722996875e+13
6.931048915036014062e+13
1.076933194353947500e+14
6.980231847123516250e+14
5.409834802303841000e+15
1.025569777296422800e+16
6.295844418270032000e+15
9.613673465301676000e+15
8.424346894313065000e+15
1.826994148143511750e+15
4.631049743195850000e+14
1.574583201538299688e+14
6.002667918512414062e+13
3.515329812850244141e+13
1.259997412801622852e+13
8.036142446975780273e+12
5.527801168827973633e+12
1.204624195478571875e+13
1.661613168554268164e+13
7.868096004674723633e+12
3.495596077965763281e+13
3.420492812688025625e+14
6.393911978241056250e+14
3.498497708181909375e+14
2.903369941483519375e+14
2.904084703121631250e+14
3.465483089058313750e+14
4.522285187255509375e+14
4.743492356211830000e+14
7.742966929347627500e+14
1.098941561889821875e+15
1.458113034418041500e+15
2.234730754391480500e+15
3.503719273912040000e+15
4.028449823307192000e+15
2.734077978753266000e+15
6.465684402547952000e+15
1.017525411855797600e+16
2.744927410790590000e+15
7.761818952785336250e+14
3.313229157706569375e+14
1.704451835292732500e+14
1.004467995584518125e+14
5.354630897164384375e+13
3.338357852076036719e+13
1.695382364311718359e+13
1.229701619007412500e+13
3.810199922937761230e+11
3.390417318793663672e+13
6.899226536911657812e+13
1.554438693683683750e+14
3.498107811354036250e+14
4.248690587044029375e+14
2.589718015022681250e+14
1.947611312354971562e+14
1.422093723045917188e+14
1.701791148563755625e+14
1.716943362571656875e+14
4.474939034745686719e+13
1.488825041449452000e+15
4.901046897311079000e+15
8.961826726084012000e+15
9.555892394139684000e+15
4.488777913232897000e+15
1.283154247192733125e+14
1.539765156527545250e+15
1.337805468827542500e+15
3.262653241100973125e+14
9.421289022837656250e+13
4.937762005308959375e+13
3.138529451540164453e+13
3.339860789283991406e+13
2.917280694122100391e+13
2.833210939526319922e+13
2.987680707729682031e+13
2.166344767043307031e+13
4.744804257495439062e+13
3.524067308700132500e+14
6.140150460973870000e+14
3.871094818126906250e+14
3.358335457550158750e+14
3.747614003110956250e+14
2.319450009656573438e+14
2.898060916093865625e+14
5.359133740341905000e+14
